# Time-averaged data for fix avg_vals
# TimeStep v_zStrainc v_engsszc v_p3 v_engssyc v_p2 v_engssxc v_p1
81000 0.00024975 0.00525988 0.0052492 -0.00266405 -0.00266772 0.00535415 0.0053485
82000 0.00074975 0.0982239 0.0983171 -0.000271791 -0.000270805 -0.00343898 -0.00343631
83000 0.00124975 0.182354 0.182601 -0.00161185 -0.00161317 -0.000581065 -0.000584714
84000 0.00174975 0.284116 0.284588 0.00635719 0.00635067 0.00187665 0.00187202
85000 0.00224975 0.358422 0.35914 -0.0011649 -0.00118675 -0.00186244 -0.00187945
86000 0.00274975 0.454435 0.455461 0.00151359 0.0014825 -0.0012757 -0.00130229
87000 0.00324975 0.543468 0.54491 -0.00444703 -0.00445412 -0.00112125 -0.00113625
88000 0.00374975 0.632168 0.633981 -0.00110056 -0.00110157 -0.000633777 -0.000638398
89000 0.00424975 0.724328 0.726607 -0.00126901 -0.0012585 -0.000850075 -0.000839909
90000 0.00474975 0.811752 0.814536 0.00255711 0.00255164 -0.000109793 -0.000107306
91000 0.00524975 0.897292 0.900631 -0.00148478 -0.00148606 0.00448019 0.00445962
92000 0.00574975 0.995356 0.999362 0.000967296 0.000964231 0.00205824 0.00205075
93000 0.00624975 1.08499 1.08968 -0.000978567 -0.000983871 -0.00372755 -0.00372546
94000 0.00674975 1.16798 1.17332 -0.00311658 -0.00310213 -0.00246825 -0.00245716
95000 0.00724975 1.26411 1.27033 6.53089e-05 6.02399e-05 -0.00384707 -0.0038335
96000 0.00774975 1.34662 1.35345 -0.000122218 -0.000135566 0.000617412 0.000599379
97000 0.00824975 1.44843 1.4561 0.00572063 0.00566234 0.00479837 0.00473979
98000 0.00874975 1.53256 1.54128 0.000583497 0.00056339 -0.0020904 -0.00209425
99000 0.00924975 1.6285 1.63825 -0.000574471 -0.000584692 0.00132628 0.00130407
100000 0.00974975 1.71653 1.72728 -0.00277177 -0.00276504 -1.36108e-05 -2.38315e-05
101000 0.0102497 1.80861 1.82047 -0.00139587 -0.00139069 -0.000697132 -0.000697896
102000 0.0107497 1.89625 1.90921 -0.000393468 -0.000409372 -0.00265395 -0.00265182
103000 0.0112497 1.9875 2.00147 -0.000384265 -0.000399321 0.000848932 0.000828214
104000 0.0117497 2.07434 2.08949 0.00282528 0.00279839 -0.000805955 -0.00080557
105000 0.0122497 2.15519 2.17165 -0.00276993 -0.00274641 -0.000919898 -0.000913071
106000 0.0127497 2.25109 2.26879 0.000344642 0.000347286 -0.00252157 -0.00249128
107000 0.0132497 2.34076 2.35982 0.00798113 0.00791248 0.0030939 0.00306982
108000 0.0137497 2.42521 2.44567 -0.00401675 -0.00398351 0.0018122 0.0017929
109000 0.0142497 2.51478 2.53671 -0.000900902 -0.000912547 -0.00279261 -0.0027839
110000 0.0147497 2.61277 2.63607 -0.000650428 -0.00067417 -8.3088e-05 -0.000112132
111000 0.0152497 2.69834 2.72327 0.000374211 0.000360964 -0.0036568 -0.00362455
112000 0.0157497 2.78953 2.81616 0.00222613 0.0021987 0.00308062 0.00304477
113000 0.0162497 2.86978 2.898 -0.00538281 -0.005325 0.00335867 0.00331976
114000 0.0167497 2.96661 2.9963 0.00877326 0.00867643 -0.000982047 -0.000965621
115000 0.0172497 3.04784 3.07922 -0.00161691 -0.00158731 0.00140575 0.00140016
116000 0.0177497 3.14067 3.17387 -0.00263066 -0.00258131 -0.00100945 -0.000978754
117000 0.0182497 3.23402 3.26914 -0.00328718 -0.00325174 0.00131081 0.00128749
118000 0.0187497 3.3243 3.36122 -0.000716936 -0.000719359 0.00130266 0.00127292
119000 0.0192497 3.41696 3.4561 0.000161525 0.000146997 -0.00203251 -0.00201756
120000 0.0197497 3.50711 3.54825 0.00493589 0.00486583 -0.00278137 -0.00274866
121000 0.0202497 3.59612 3.63889 -0.0021087 -0.00209168 0.00626099 0.00616255
122000 0.0207497 3.67755 3.72284 -0.000595685 -0.000614411 -0.006428 -0.0063637
123000 0.0212497 3.76294 3.81014 -0.00834984 -0.00826303 -0.000330419 -0.000353569
124000 0.0217497 3.85644 3.90542 0.00241625 0.00236484 -0.00290902 -0.00288425
125000 0.0222497 3.95284 4.00431 0.00301425 0.00296399 -0.000330254 -0.000325871
126000 0.0227497 4.0367 4.09044 -0.00585705 -0.00576804 0.00406856 0.00399688
127000 0.0232497 4.1254 4.18115 0.00388405 0.0038252 -0.000638872 -0.000625964
128000 0.0237497 4.21227 4.27036 0.0010238 0.00100791 0.00102319 0.00100476
129000 0.0242497 4.30227 4.36268 -0.000623781 -0.000606901 0.00418045 0.00411482
130000 0.0247497 4.3926 4.45534 0.00210649 0.00207628 -0.00303045 -0.00297181
131000 0.0252497 4.48142 4.54652 1.75997e-05 1.90672e-05 0.00393184 0.00386455
132000 0.0257497 4.56772 4.63546 -0.000824076 -0.000807157 -0.00287676 -0.00282654
133000 0.0262497 4.65722 4.72754 0.00235772 0.00231193 -0.00149705 -0.00146934
134000 0.0267497 4.7464 4.81964 0.00284973 0.00278578 0.00070247 0.000679303
135000 0.0272497 4.83172 4.90703 0.00238612 0.00231657 0.00349191 0.00340172
136000 0.0277497 4.91503 4.9931 -0.00517502 -0.00507762 -0.00410481 -0.00403062
137000 0.0282497 5.00461 5.08509 0.000634615 0.000638878 -0.00198203 -0.00192399
138000 0.0287497 5.0954 5.17863 0.0018664 0.00183664 0.00487601 0.00478313
139000 0.0292497 5.17553 5.26185 -0.00424749 -0.00415478 -0.00506132 -0.00495049
140000 0.0297497 5.27174 5.36091 -0.000894009 -0.000867396 0.00265685 0.00260962
141000 0.0302497 5.36008 5.45214 0.00188703 0.00185955 -0.000547598 -0.000527675
142000 0.0307497 5.44207 5.53677 -0.00258666 -0.00253775 -0.000788413 -0.000776976
143000 0.0312497 5.52728 5.6254 0.00173956 0.00170155 -0.00418502 -0.00409464
144000 0.0317497 5.61664 5.71768 -0.00278547 -0.00270963 0.00379684 0.0037274
145000 0.0322497 5.70681 5.81121 -0.000308151 -0.000306428 -6.51447e-05 -7.19951e-05
146000 0.0327497 5.78839 5.89556 -2.83293e-05 -4.64811e-05 0.000572584 0.000539282
147000 0.0332497 5.88493 5.99563 -0.00180116 -0.00176738 -0.00235268 -0.00230959
148000 0.0337497 5.9714 6.0849 0.00223651 0.00218181 0.00197749 0.00192771
149000 0.0342497 6.06249 6.17862 0.00220466 0.00213393 0.000933775 0.000891738
150000 0.0347497 6.13868 6.25777 0.000993406 0.000963563 -0.00406184 -0.00397137
151000 0.0352497 6.23282 6.35552 -0.00254224 -0.00247961 -0.00149176 -0.00145478
152000 0.0357497 6.31684 6.44284 0.00129234 0.00125561 -0.00259629 -0.00253316
153000 0.0362497 6.4081 6.53748 -0.00349623 -0.0034203 0.000781348 0.000753387
154000 0.0367497 6.496 6.62904 0.00444387 0.00432266 -0.000311457 -0.000312346
155000 0.0372497 6.57912 6.71543 -0.00426542 -0.00416214 0.003266 0.00317031
156000 0.0377497 6.66555 6.8047 0.00690517 0.00671692 0.000485846 0.000464009
157000 0.0382497 6.75003 6.89313 -0.00556614 -0.00541878 0.00387996 0.00377347
158000 0.0387497 6.82879 6.97478 0.000426402 0.000409693 -0.000375672 -0.000367159
159000 0.0392497 6.92056 7.07021 0.000475496 0.000440661 0.00951121 0.00922596
160000 0.0397497 7.00209 7.15569 0.000704517 0.000650104 -0.00683911 -0.00668574
161000 0.0402497 7.09011 7.24734 0.000200726 0.000186812 -0.00192436 -0.00187997
162000 0.0407497 7.1715 7.33236 -0.00499069 -0.00485211 8.78715e-05 8.35941e-05
163000 0.0412497 7.25527 7.41942 0.00106436 0.00102929 -0.00299544 -0.00291578
164000 0.0417497 7.34123 7.50904 0.00091004 0.000875019 -0.00291382 -0.00284037
165000 0.0422497 7.42722 7.59941 0.00305291 0.00295745 -0.00213798 -0.00207729
166000 0.0427497 7.51509 7.69092 0.00564343 0.0054726 0.00201593 0.00195165
167000 0.0432497 7.59282 7.77207 -0.00109006 -0.00106366 -0.000979645 -0.000952198
168000 0.0437497 7.68055 7.86392 -0.00318271 -0.0030704 0.00642665 0.00624011
169000 0.0442497 7.76267 7.9494 -0.00189197 -0.00182813 -0.00119319 -0.00114685
170000 0.0447497 7.84938 8.04078 0.00212451 0.00205344 -0.00787167 -0.00763049
171000 0.0452497 7.93693 8.13192 -0.00341954 -0.0033167 0.00491597 0.00475799
172000 0.0457497 8.0148 8.21422 0.00234921 0.00226915 -0.00580623 -0.0056249
173000 0.0462497 8.09873 8.30153 0.000803965 0.00076666 9.27575e-06 2.49368e-06
174000 0.0467497 8.1807 8.38738 -5.51098e-05 -4.85511e-05 0.000428197 0.000423737
175000 0.0472497 8.27197 8.48289 -0.00417887 -0.00403286 0.00812955 0.00786525
176000 0.0477497 8.35727 8.57261 -0.00210944 -0.00201635 0.00276871 0.00269294
177000 0.0482497 8.44345 8.66385 0.00284163 0.00275351 -0.00117628 -0.00112654
178000 0.0487497 8.5135 8.73792 0.000718764 0.000704845 -0.00198261 -0.001906
179000 0.0492497 8.60094 8.82863 0.000511479 0.000505751 0.00318944 0.00308608
180000 0.0497497 8.68217 8.91398 0.000615761 0.000580133 -0.00783937 -0.00757886
181000 0.0502497 8.76599 9.00209 -0.00471498 -0.00455845 -0.000580474 -0.000568955
182000 0.0507497 8.84621 9.0867 0.00403573 0.00389139 -0.000576024 -0.000561901
183000 0.0512497 8.92293 9.16803 -0.00172803 -0.00166307 -0.00532652 -0.00513105
184000 0.0517497 9.00974 9.25916 -0.00836867 -0.00806919 0.00100007 0.000968204
185000 0.0522497 9.08839 9.34163 0.00591294 0.00568655 0.00267681 0.00256447
186000 0.0527497 9.17123 9.42919 0.00393375 0.00379739 0.00079847 0.000774739
187000 0.0532497 9.2502 9.51261 -0.00353226 -0.00341206 0.00671943 0.00645906
188000 0.0537497 9.32789 9.59459 0.00153821 0.00147332 -0.0066668 -0.00642479
189000 0.0542497 9.41063 9.68237 -0.0014966 -0.00145179 -0.00295921 -0.0028598
190000 0.0547497 9.49107 9.76613 -0.000132654 -0.000132327 -0.00299055 -0.00287626
191000 0.0552497 9.57504 9.85426 0.00385598 0.00371913 0.00128709 0.00125127
192000 0.0557497 9.65659 9.94072 0.00205557 0.00198701 0.00155031 0.00150704
193000 0.0562497 9.73731 10.026 -0.00480951 -0.00460704 0.00098656 0.000965054
194000 0.0567497 9.81643 10.1102 -0.00465017 -0.00443882 0.00505642 0.00487999
195000 0.0572497 9.8879 10.1848 0.00597509 0.00573499 0.00262405 0.00251249
196000 0.0577497 9.95948 10.261 -0.00281928 -0.0027081 -0.00365208 -0.00350857
197000 0.0582497 10.048 10.3544 0.0034739 0.00332027 0.0029598 0.00282295
198000 0.0587497 10.126 10.4373 0.000944461 0.000893761 -0.00179209 -0.00172963
199000 0.0592497 10.2132 10.5297 0.0021623 0.00206694 -0.000923618 -0.000891283
200000 0.0597497 10.2806 10.6017 -0.00264899 -0.00253679 -0.00348418 -0.00333243
201000 0.0602497 10.3628 10.6885 0.000125455 0.000126947 -0.000266067 -0.000247198
202000 0.0607497 10.4386 10.7691 -0.000443593 -0.000426694 -0.00313483 -0.00299754
203000 0.0612497 10.5082 10.8429 -0.00353086 -0.00338876 -0.00633049 -0.00605461
204000 0.0617497 10.5828 10.9214 0.002032 0.00194249 0.00953201 0.00910751
205000 0.0622497 10.675 11.019 0.00265299 0.00252504 -0.000653847 -0.000635059
206000 0.0627497 10.7634 11.113 -0.00238626 -0.00230325 0.00130388 0.00122349
207000 0.0632497 10.8335 11.187 -0.00132202 -0.00129245 4.39162e-05 1.45101e-05
208000 0.0637497 10.9111 11.2702 -0.00278247 -0.00268112 -0.00104723 -0.00102323
209000 0.0642497 10.9842 11.3476 0.00335817 0.0032085 -0.00548082 -0.0052339
210000 0.0647497 11.0518 11.4191 -0.000400829 -0.000381522 0.00803122 0.00766828
211000 0.0652497 11.1415 11.5149 0.00277385 0.0026426 0.00494394 0.00470681
212000 0.0657497 11.2187 11.5972 -0.00229935 -0.00220477 -0.00607213 -0.00579941
213000 0.0662497 11.2828 11.6652 -0.00280584 -0.00268426 -0.0023734 -0.00227017
214000 0.0667497 11.3609 11.7488 -6.78502e-05 -6.10919e-05 -0.00297178 -0.00282898
215000 0.0672497 11.4363 11.8274 0.00314456 0.00299041 0.00113271 0.0010724
216000 0.0677497 11.5159 11.913 0.000373664 0.000347632 -0.000635912 -0.000611296
217000 0.0682497 11.5846 11.9857 -4.52779e-05 -4.30539e-05 -0.00175759 -0.00166723
218000 0.0687497 11.6579 12.0633 -0.00211952 -0.00200466 -0.00357947 -0.0033863
219000 0.0692497 11.7348 12.1454 -0.00394299 -0.00374484 0.00997793 0.00949308
220000 0.0697497 11.8093 12.2266 0.00205509 0.00196811 0.00040222 0.000393492
221000 0.0702497 11.8757 12.2979 0.00237368 0.00228196 -0.00496171 -0.00469104
222000 0.0707497 11.9435 12.3695 -0.00076575 -0.00072411 -0.00173714 -0.00164304
223000 0.0712497 12.0182 12.4492 -5.3454e-06 -1.17814e-05 0.00513148 0.00486639
224000 0.0717497 12.0871 12.5226 0.00035598 0.000332865 0.00122512 0.00115755
225000 0.0722497 12.1623 12.6038 0.000363182 0.00034152 -0.000656817 -0.0006254
226000 0.0727497 12.2268 12.6725 -0.000175199 -0.000165223 -0.00781456 -0.00741362
227000 0.0732497 12.301 12.7505 -0.00124143 -0.00117633 0.00373086 0.00354146
228000 0.0737497 12.3734 12.8284 0.000443736 0.000425007 1.98068e-05 2.37462e-05
229000 0.0742497 12.4361 12.8959 -0.00445482 -0.00422277 0.00172906 0.001639
230000 0.0747497 12.5041 12.9684 0.00689928 0.00652088 0.00191532 0.00179744
231000 0.0752497 12.5853 13.0551 -0.00240926 -0.00228996 0.00327373 0.00309177
232000 0.0757497 12.656 13.131 -0.000522744 -0.000502641 -0.00873446 -0.00827524
233000 0.0762497 12.726 13.2061 0.00220897 0.00208899 0.0029127 0.0027568
234000 0.0767497 12.7784 13.2623 -0.00382414 -0.0036271 0.00102897 0.000967121
235000 0.0772497 12.8648 13.3549 0.00263762 0.00246938 -0.000496771 -0.000495481
236000 0.0777497 12.9208 13.4135 -0.000250304 -0.000258869 0.000412651 0.000370358
237000 0.0782497 12.9966 13.4964 0.000237466 0.000206557 -0.00266564 -0.00253708
238000 0.0787497 13.0683 13.5722 0.00300313 0.00282362 0.0032199 0.00303152
239000 0.0792497 13.1294 13.6379 -0.00585977 -0.00553795 -0.000807673 -0.000766814
240000 0.0797497 13.1929 13.7065 -0.00104115 -0.000998392 -0.000272227 -0.000273303
241000 0.0802497 13.2661 13.7846 -0.00682586 -0.00645778 -0.00255607 -0.00242896
242000 0.0807497 13.3406 13.8637 0.00802854 0.0075614 0.000341062 0.000308503
243000 0.0812497 13.4055 13.9332 0.000845586 0.000786825 -0.00387086 -0.00365602
244000 0.0817497 13.4649 13.9971 -0.00414204 -0.00391752 0.000986472 0.000916871
245000 0.0822497 13.5313 14.0675 0.00373029 0.00349454 0.00586029 0.00549963
246000 0.0827497 13.5858 14.1265 -0.00438822 -0.00413185 0.000828121 0.000779422
247000 0.0832497 13.6551 14.2022 0.00481692 0.00453744 -0.000408715 -0.000383636
248000 0.0837497 13.7203 14.272 -0.00443488 -0.00416168 -0.00193903 -0.00181179
249000 0.0842497 13.7716 14.3257 0.00404593 0.00382067 -0.00470493 -0.00441127
250000 0.0847497 13.8374 14.3968 0.00640132 0.00604474 -0.00596953 -0.00558026
251000 0.0852497 13.9076 14.472 -0.00791866 -0.00742111 0.00539092 0.00509347
252000 0.0857497 13.9602 14.5284 -0.000783996 -0.000699123 0.00468402 0.00443455
253000 0.0862497 14.0355 14.61 0.00861819 0.00811045 -0.00279874 -0.0026073
254000 0.0867497 14.0826 14.6617 -0.00553823 -0.00517679 -0.000680037 -0.000616913
255000 0.0872497 14.1439 14.7269 0.000717717 0.000700099 -0.000471295 -0.000416283
256000 0.0877497 14.2203 14.8096 -0.00812828 -0.00762396 0.00473075 0.00444341
257000 0.0882497 14.2776 14.8718 0.00542732 0.00508713 -0.00303893 -0.00285431
258000 0.0887497 14.3339 14.9311 0.00179211 0.00169102 0.00406509 0.0038158
259000 0.0892497 14.3814 14.9821 -0.00207801 -0.00194298 0.00128344 0.00120758
260000 0.0897497 14.4341 15.0385 0.00116169 0.00108181 -0.00269525 -0.00252841
261000 0.0902497 14.5091 15.1203 -0.00366101 -0.00343413 -0.00289486 -0.00271832
262000 0.0907497 14.564 15.18 0.00250145 0.00236511 -0.00213416 -0.00197167
263000 0.0912497 14.6196 15.239 -0.00524354 -0.00486248 0.00552559 0.0052123
264000 0.0917497 14.6711 15.2925 0.00151054 0.00141304 0.000325761 0.000302325
265000 0.0922497 14.7246 15.3515 0.00202298 0.00189837 -0.00268784 -0.00250538
266000 0.0927497 14.7865 15.4188 -0.000637896 -0.000599007 -0.00305519 -0.00285606
267000 0.0932497 14.849 15.4852 0.00553363 0.00518926 0.00442059 0.00414162
268000 0.0937497 14.8891 15.5306 -0.0126381 -0.0117817 0.00351584 0.00330799
269000 0.0942497 14.9474 15.5919 -0.00228612 -0.00210122 -0.00219648 -0.00201914
270000 0.0947497 14.98 15.627 0.0033419 0.00317111 -0.00900226 -0.00834721
271000 0.0952497 15.0295 15.6792 0.00855818 0.00798849 0.000803753 0.000756749
272000 0.0957497 15.0756 15.7294 -0.00174986 -0.00163279 0.00309033 0.00288106
273000 0.0962497 15.1216 15.7798 -0.00383332 -0.00358113 0.00786869 0.00732257
274000 0.0967497 15.1498 15.8102 0.00236502 0.00220412 -0.00146731 -0.00136785
275000 0.0972497 15.214 15.8802 0.00487108 0.0045323 -0.00239644 -0.00223541
276000 0.0977497 15.2628 15.934 -0.000991898 -0.000927247 -0.00444682 -0.00414255
277000 0.0982497 15.3014 15.975 -0.00221357 -0.00205193 -0.000707685 -0.000649923
278000 0.0987497 15.3302 16.0065 0.0055455 0.00516651 -0.00142075 -0.00130969
279000 0.0992497 15.389 16.0699 -0.00761113 -0.00706967 0.00208336 0.00194355
280000 0.0997497 15.4271 16.1103 -0.00812684 -0.00753364 0.0017318 0.00162442
281000 0.10025 15.4735 16.1594 0.00777008 0.00724073 -0.00305392 -0.00281295
282000 0.10075 15.5068 16.1956 0.00107437 0.00101058 0.00110198 0.0010362
283000 0.10125 15.5546 16.2485 -0.00435125 -0.00403716 0.00436705 0.004055
284000 0.10175 15.6153 16.3131 0.00317301 0.00294677 -0.00335127 -0.00310805
285000 0.10225 15.6426 16.342 0.00123564 0.0011562 -0.00229824 -0.0021207
286000 0.10275 15.6708 16.3732 -0.00313097 -0.0029007 -0.00158583 -0.00146709
287000 0.10325 15.6833 16.3874 0.000973397 0.00089631 -0.00043981 -0.000412532
288000 0.10375 15.6991 16.4041 0.00205809 0.00190882 0.00253612 0.00234992
289000 0.10425 15.7147 16.4219 -0.00453084 -0.00420441 0.00740545 0.00684989
290000 0.10475 15.7821 16.4949 0.0065302 0.00603015 -0.00487377 -0.00453064
291000 0.10525 15.7876 16.502 0.000770752 0.000707904 -0.00264268 -0.00244496
292000 0.10575 15.763 16.4744 -0.00404805 -0.00374703 -0.00347428 -0.00321409
293000 0.10625 15.6825 16.3851 -0.0023064 -0.00213545 0.00472657 0.00436179
294000 0.10675 13.8754 14.402 -0.00749356 -0.00689616 -0.0218718 -0.0200333
295000 0.10725 2.8493 2.91709 -0.136472 -0.121871 -0.139664 -0.124346
296000 0.10775 -9.00698 -8.03867 -0.189513 -0.162499 -0.167357 -0.143112
297000 0.10825 -10.8591 -8.77342 -1.21836 -0.962778 -1.15883 -0.906183
298000 0.10875 -12.3097 -6.63774 -5.86464 -3.91227 -5.90904 -3.88767
299000 0.10925 -9.31558 -3.32567 -2.67237 -1.45951 -2.83624 -1.5352
300000 0.10975 -4.41921 -1.27853 -0.293288 -0.142871 -0.371464 -0.18133
301000 0.11025 -3.11092 -0.857373 -0.0406346 -0.0191434 -0.0461184 -0.0219156
302000 0.11075 -2.65229 -0.717059 -0.0140385 -0.00654558 -0.0218269 -0.0102729
303000 0.11125 -2.27439 -0.609143 -0.010209 -0.00473544 -0.00866972 -0.00404813
304000 0.11175 -1.93968 -0.515734 -0.000683441 -0.000316019 -0.00388139 -0.00180679
305000 0.11225 -1.78083 -0.471709 -0.00563277 -0.00259073 -0.00360614 -0.00168306
306000 0.11275 -1.71481 -0.452653 0.00136133 0.000625923 -0.00469322 -0.00217992
307000 0.11325 -1.55197 -0.40876 8.94084e-05 4.23122e-05 3.56048e-05 1.81595e-05
308000 0.11375 -1.30999 -0.344423 -0.00270183 -0.001237 -0.00218656 -0.00101302
309000 0.11425 -1.16075 -0.304628 0.00152079 0.000693245 0.000248122 0.000115088
310000 0.11475 -1.15495 -0.302561 -0.00326601 -0.00149242 -0.00141397 -0.000655281
311000 0.11525 -1.1334 -0.296579 -0.00097888 -0.000445824 0.000770869 0.000356717
312000 0.11575 -1.02828 -0.269019 -0.00214658 -0.000977827 -0.000191548 -8.75156e-05
313000 0.11625 -1.07714 -0.281905 0.00249254 0.0011378 0.0007703 0.000356862
314000 0.11675 -1.00149 -0.262253 0.0033834 0.0015448 0.00188047 0.000864105
315000 0.11725 -1.04277 -0.27309 -0.00429647 -0.00195869 -0.0016842 -0.000772154
316000 0.11775 -1.00616 -0.263446 -0.00241687 -0.00110196 -0.000356369 -0.000164141
317000 0.11825 -0.925993 -0.242393 0.0024349 0.00111064 -0.00164759 -0.000756008
318000 0.11875 -0.949896 -0.248667 -0.00011635 -5.27253e-05 0.00188961 0.000867793
319000 0.11925 -0.795452 -0.208169 -0.00246573 -0.00112365 -0.00265247 -0.00121842
320000 0.11975 -0.70579 -0.184845 -0.000722682 -0.000328966 -0.00448734 -0.0020574
321000 0.12025 -0.696786 -0.18255 0.00369106 0.00168247 0.00671979 0.00308464
322000 0.12075 -0.616105 -0.161456 -0.00377161 -0.00171605 -0.00310353 -0.00142661
323000 0.12125 -0.710621 -0.186293 -0.00197563 -0.00089741 0.00402573 0.00184761
324000 0.12175 -0.614516 -0.161117 0.00372249 0.00169164 -0.00505503 -0.00231815
325000 0.12225 -0.612717 -0.160707 -0.00132998 -0.00060497 0.00156611 0.00071708
326000 0.12275 -0.676332 -0.177313 -0.00109815 -0.000501038 -0.00255093 -0.00117098
327000 0.12325 -0.56012 -0.146832 0.00171105 0.000778839 -0.000224687 -0.000100983
328000 0.12375 -0.563857 -0.147816 0.000737392 0.00033901 0.00100242 0.000463774
329000 0.12425 -0.566478 -0.148496 -0.0019855 -0.000900632 0.000870375 0.000398517
330000 0.12475 -0.460457 -0.12079 0.000611204 0.000280531 0.000195587 9.26662e-05
331000 0.12525 -0.476585 -0.125072 -0.00147446 -0.000669134 0.00416452 0.00190241
332000 0.12575 -0.394572 -0.103589 -0.000643175 -0.000291124 -0.00282931 -0.00129186
333000 0.12625 -0.430269 -0.113003 0.00259145 0.00117628 -0.00144862 -0.000661298
334000 0.12675 -0.377663 -0.0991845 -0.0032101 -0.00145403 0.000617929 0.00028319
335000 0.12725 -0.324626 -0.0853164 0.00124373 0.000561726 0.000707751 0.000322316
336000 0.12775 -0.321848 -0.0846098 0.00146188 0.000661281 -0.00261111 -0.00119354
337000 0.12825 -0.286732 -0.0753903 -0.00277798 -0.00125859 -0.000662773 -0.00030182
338000 0.12875 -0.248351 -0.0653226 0.00134747 0.000607589 0.00116959 0.000529845
339000 0.12925 -0.235313 -0.0619113 0.00143931 0.000651949 -0.00354236 -0.00161411
340000 0.12975 -0.189866 -0.0499737 -0.000433469 -0.000194855 -0.000873906 -0.000395537
341000 0.13025 -0.163791 -0.0431232 -0.00101654 -0.00045883 0.0037383 0.00170375
342000 0.13075 -0.123348 -0.0325067 -0.00217361 -0.000982033 -0.00239275 -0.00108743
343000 0.13125 -0.0532244 -0.0140295 -0.00180991 -0.000817276 -0.00017745 -8.10868e-05
344000 0.13175 -0.0563936 -0.0148737 0.00255599 0.00115406 0.000871479 0.000396009
345000 0.13225 0.00946763 0.00249362 -0.00174153 -0.000787144 0.0015976 0.00072655
346000 0.13275 0.0148127 0.00390743 0.00248711 0.00112313 0.00254833 0.00116019
347000 0.13325 0.0455202 0.01201 -0.00385864 -0.00174263 -0.00554892 -0.00252767
348000 0.13375 0.043459 0.0114684 0.00170186 0.000766864 0.00355821 0.00161911
349000 0.13425 0.12677 0.0334445 0.000662907 0.000297334 -0.000167048 -7.8321e-05
350000 0.13475 0.179688 0.0474513 0.000788901 0.000354514 -0.000626485 -0.000285531
351000 0.13525 0.216203 0.0571011 -4.25037e-05 -1.9768e-05 -0.00286766 -0.00130468
352000 0.13575 0.233081 0.0615917 -0.00315604 -0.00142395 0.000133442 6.02925e-05
353000 0.13625 0.207556 0.0548651 0.00124952 0.000565124 0.00189312 0.000861031
354000 0.13675 0.318906 0.0842711 -1.95996e-05 -8.50806e-06 -0.000256599 -0.000116364
355000 0.13725 0.375476 0.0992411 -0.0017335 -0.000777798 -0.00184908 -0.000836076
356000 0.13775 0.359482 0.0950568 0.000626788 0.000284766 0.00441821 0.0020049
357000 0.13825 0.388186 0.102718 0.00198515 0.000896383 -0.00321659 -0.00145554
358000 0.13875 0.456544 0.120763 -0.00131017 -0.000592106 -0.0010697 -0.000486477
359000 0.13925 0.477819 0.126466 0.000808337 0.000364374 0.00093456 0.000423405
360000 0.13975 0.51494 0.136339 -0.0032506 -0.00146093 0.000484629 0.000221952
361000 0.14025 0.557152 0.147392 0.00246884 0.00111474 -0.00150891 -0.000679951
362000 0.14075 0.575166 0.152303 -0.00251678 -0.00113343 0.000738824 0.00033265
363000 0.14125 0.618899 0.163938 2.76374e-05 1.33058e-05 -0.00237853 -0.00107482
364000 0.14175 0.655316 0.173579 0.000568376 0.00025593 0.00244298 0.00110502
365000 0.14225 0.667428 0.176973 8.02566e-05 3.49647e-05 -0.00505514 -0.00228515
366000 0.14275 0.671971 0.178124 -0.00116373 -0.000523411 0.00291023 0.00131361
367000 0.14325 0.787614 0.208822 -0.00193239 -0.000866847 0.00389464 0.00176002
368000 0.14375 0.752353 0.199569 0.00324077 0.00145742 -0.00526508 -0.0023754
369000 0.14425 0.839479 0.222691 -0.00209855 -0.000939401 0.00186572 0.000844848
370000 0.14475 0.876123 0.232431 0.00423949 0.00190006 -0.00295207 -0.00133399
371000 0.14525 0.892201 0.236823 -0.0027981 -0.00125716 0.00391558 0.00176388
372000 0.14575 0.995753 0.264375 0.000308667 0.000137806 -0.00216317 -0.000975478
373000 0.14625 0.97272 0.258254 0.000252098 0.000114651 0.000133517 6.23386e-05
374000 0.14675 1.04913 0.278632 -0.00174164 -0.000780553 -0.00291696 -0.00131317
375000 0.14725 1.09864 0.291957 0.000898283 0.000400897 0.00191747 0.000861303
376000 0.14775 1.12528 0.299104 -0.00116768 -0.000520905 0.000210808 9.71029e-05
377000 0.14825 1.23638 0.328844 -0.00202179 -0.0009078 -0.00260819 -0.00117637
378000 0.14875 1.23869 0.3295 0.00375046 0.00168133 -2.9981e-05 -1.11958e-05
379000 0.14925 1.29317 0.344129 -0.00344443 -0.0015421 0.00341323 0.00153607
380000 0.14975 1.23899 0.329802 0.00113882 0.00050697 -0.00140097 -0.000633287
381000 0.15025 1.25902 0.335133 -0.000774837 -0.00034893 0.000396691 0.000176129
382000 0.15075 1.29536 0.344938 -0.00287123 -0.00128581 -0.00382277 -0.00171915
383000 0.15125 1.31394 0.350028 0.00341711 0.00152636 0.00320144 0.00143617
384000 0.15175 1.29396 0.344757 -0.0016612 -0.000741185 -0.00305651 -0.00137228
385000 0.15225 1.29215 0.344247 -0.000402796 -0.000179031 0.00226967 0.00102101
386000 0.15275 1.2524 0.333915 -0.000299165 -0.000135601 -0.00122439 -0.000551545
387000 0.15325 1.23551 0.329304 0.000896505 0.00039844 0.000533002 0.000236961
388000 0.15375 1.27033 0.338765 -0.00273065 -0.00122058 0.000330072 0.000146279
389000 0.15425 1.31122 0.349802 0.00389302 0.00173832 -0.00137241 -0.000614742
390000 0.15475 1.33545 0.356408 -0.00216761 -0.000964103 -0.00397525 -0.00178044
391000 0.15525 1.37032 0.365579 0.00186548 0.000832456 -0.000104654 -4.60047e-05
392000 0.15575 1.41648 0.378195 -0.0034136 -0.00152058 0.00267124 0.00120057
393000 0.15625 1.42502 0.380509 -0.00144138 -0.000640573 -0.0016789 -0.000752734
394000 0.15675 1.44945 0.386984 -0.000855996 -0.000381284 0.00349444 0.00156587
395000 0.15725 1.50027 0.400745 0.00151967 0.000678843 -0.000297938 -0.000131509
396000 0.15775 1.5242 0.407357 -0.00147844 -0.000656483 0.00197905 0.000887453
397000 0.15825 1.49908 0.40069 0.00371248 0.00165347 -0.0058996 -0.00263983
398000 0.15875 1.51916 0.406006 -0.00391255 -0.0017376 0.00216106 0.000970386
399000 0.15925 1.51644 0.405433 0.00305369 0.00135569 0.000278352 0.000121862
400000 0.15975 1.57427 0.420957 0.00303099 0.0013454 -0.00239566 -0.00107273
401000 0.16025 1.60667 0.429651 -0.00310817 -0.0013788 0.00129868 0.000583151
402000 0.16075 1.69901 0.454408 -0.000859787 -0.000382452 -0.000793103 -0.000354629
403000 0.16125 1.6408 0.43916 0.000488331 0.000218738 -2.35098e-05 -8.26194e-06
404000 0.16175 1.71042 0.457799 -0.000760882 -0.000337258 0.000546843 0.000244881
405000 0.16225 1.7149 0.459067 0.00288867 0.00128184 -0.00379214 -0.00169348
406000 0.16275 1.72963 0.462948 -0.00232524 -0.00103117 0.00126266 0.000565212
407000 0.16325 1.73077 0.463442 -0.00101806 -0.000454138 0.000290157 0.000127422
408000 0.16375 1.70784 0.457457 -0.00112437 -0.000500134 -0.000478933 -0.000215051
409000 0.16425 1.70837 0.457515 0.000256852 0.000114334 0.00219478 0.000979234
410000 0.16475 1.73702 0.465349 -9.27792e-05 -4.06628e-05 0.00116302 0.00051855
411000 0.16525 1.7914 0.479792 -0.00259479 -0.00114905 -0.00287442 -0.00128123
412000 0.16575 1.74252 0.466887 -0.00129364 -0.000572395 -0.00266156 -0.00118601
413000 0.16625 1.94424 0.52116 0.00393064 0.00173943 0.00296392 0.0013204
414000 0.16675 1.87288 0.5022 0.00222613 0.000985491 0.000258439 0.000116153
415000 0.16725 1.88814 0.506289 -0.00523982 -0.00231284 0.000167284 7.94865e-05
416000 0.16775 1.98142 0.531489 0.000656802 0.000290448 -0.00176129 -0.000784472
417000 0.16825 1.94753 0.522586 0.00111518 0.000491296 -0.00315247 -0.00140366
